0.8		-0.448		0.0
0.82		-0.45		-0.002
0.84		-0.451		-0.003
0.86		-0.452		-0.004
0.88		-0.453		-0.005
0.9		-0.455		-0.007
0.92		-0.457		-0.009
0.94		-0.458		-0.01
0.96		-0.459		-0.011
0.98		-0.461		-0.013
1.0		-0.462		-0.014
1.02		-0.464		-0.016
1.04		-0.465		-0.017
1.06		-0.466		-0.018
1.08		-0.468		-0.02
1.1		-0.468		-0.02
1.12		-0.47		-0.022
1.14		-0.472		-0.024
1.16		-0.473		-0.025
1.18		-0.474		-0.026
1.2		-0.476		-0.028
1.22		-0.477		-0.029
1.24		-0.478		-0.03
1.26		-0.48		-0.032
1.28		-0.481		-0.033
1.3		-0.482		-0.034
1.32		-0.483		-0.035
1.34		-0.485		-0.037
1.36		-0.486		-0.038
1.38		-0.487		-0.039
1.4		-0.489		-0.041
1.42		-0.49		-0.042
1.44		-0.491		-0.043
1.46		-0.493		-0.045
1.48		-0.494		-0.046
1.5		-0.495		-0.047
1.52		-0.496		-0.048
1.54		-0.498		-0.05
1.56		-0.499		-0.051
1.58		-0.5		-0.052
1.6		-0.502		-0.054
1.62		-0.503		-0.055
1.64		-0.504		-0.056
1.66		-0.506		-0.058
1.68		-0.506		-0.058
1.7		-0.508		-0.06
1.72		-0.509		-0.061
1.74		-0.51		-0.062
1.76		-0.512		-0.064
1.78		-0.513		-0.065
1.8		-0.514		-0.066
1.82		-0.515		-0.067
1.84		-0.517		-0.069
1.86		-0.517		-0.069
1.88		-0.519		-0.071
1.9		-0.521		-0.073
1.92		-0.521		-0.073
1.94		-0.523		-0.075
1.96		-0.524		-0.076
1.98		-0.525		-0.077
2.0		-0.526		-0.078
2.02		-0.528		-0.08
2.04		-0.529		-0.081
2.06		-0.53		-0.082
2.08		-0.531		-0.083
2.1		-0.532		-0.084
2.12		-0.533		-0.085
2.14		-0.535		-0.087
2.16		-0.536		-0.088
2.18		-0.537		-0.089
2.2		-0.539		-0.091
2.22		-0.54		-0.092
2.24		-0.541		-0.093
2.26		-0.542		-0.094
2.28		-0.544		-0.096
2.3		-0.544		-0.096
2.32		-0.546		-0.098
2.34		-0.547		-0.099
2.36		-0.548		-0.1
2.38		-0.549		-0.101
2.4		-0.551		-0.103
2.42		-0.551		-0.103
2.44		-0.553		-0.105
2.46		-0.554		-0.106
2.48		-0.555		-0.107
2.5		-0.556		-0.108
2.52		-0.558		-0.11
2.54		-0.559		-0.111
2.56		-0.56		-0.112
2.58		-0.561		-0.113
2.6		-0.562		-0.114
2.62		-0.563		-0.115
2.64		-0.565		-0.117
2.66		-0.566		-0.118
2.68		-0.567		-0.119
2.7		-0.568		-0.12
2.72		-0.57		-0.122
2.74		-0.57		-0.122
2.76		-0.572		-0.124
2.78		-0.573		-0.125
2.8		-0.574		-0.126
2.82		-0.575		-0.127
2.84		-0.577		-0.129
2.86		-0.577		-0.129
2.88		-0.579		-0.131
2.9		-0.58		-0.132
2.92		-0.581		-0.133
2.94		-0.582		-0.134
2.96		-0.584		-0.136
2.98		-0.585		-0.137
3.0		-0.586		-0.138
3.02		-0.587		-0.139
3.04		-0.589		-0.141
3.06		-0.59		-0.142
3.08		-0.591		-0.143
3.1		-0.593		-0.145
3.12		-0.594		-0.146
3.14		-0.595		-0.147
3.16		-0.596		-0.148
3.18		-0.598		-0.15
3.2		-0.599		-0.151
3.22		-0.6		-0.152
3.24		-0.602		-0.154
3.26		-0.603		-0.155
3.28		-0.604		-0.156
3.3		-0.606		-0.158
3.32		-0.608		-0.16
3.34		-0.609		-0.161
3.36		-0.611		-0.163
3.38		-0.611		-0.163
3.4		-0.613		-0.165
3.42		-0.615		-0.167
3.44		-0.616		-0.168
3.46		-0.618		-0.17
3.48		-0.619		-0.171
3.5		-0.621		-0.173
3.52		-0.623		-0.175
3.54		-0.624		-0.176
3.56		-0.626		-0.178
3.58		-0.627		-0.179
3.6		-0.629		-0.181
3.62		-0.63		-0.182
3.64		-0.632		-0.184
3.66		-0.634		-0.186
3.68		-0.635		-0.187
3.7		-0.637		-0.189
3.72		-0.638		-0.19
3.74		-0.64		-0.192
3.76		-0.642		-0.194
3.78		-0.644		-0.196
3.8		-0.645		-0.197
3.82		-0.647		-0.199
3.84		-0.649		-0.201
3.86		-0.65		-0.202
3.88		-0.652		-0.204
3.9		-0.653		-0.205
3.92		-0.656		-0.208
3.94		-0.657		-0.209
3.96		-0.659		-0.211
3.98		-0.66		-0.212
4.0		-0.662		-0.214
4.02		-0.664		-0.216
4.04		-0.665		-0.217
4.06		-0.668		-0.22
4.08		-0.669		-0.221
4.1		-0.671		-0.223
4.12		-0.672		-0.224
4.14		-0.674		-0.226
4.16		-0.675		-0.227
4.18		-0.677		-0.229
4.2		-0.679		-0.231
4.22		-0.681		-0.233
4.24		-0.683		-0.235
4.26		-0.684		-0.236
4.28		-0.686		-0.238
4.3		-0.687		-0.239
4.32		-0.69		-0.242
4.34		-0.691		-0.243
4.36		-0.693		-0.245
4.38		-0.694		-0.246
4.4		-0.696		-0.248
4.42		-0.698		-0.25
4.44		-0.7		-0.252
4.46		-0.702		-0.254
4.48		-0.703		-0.255
4.5		-0.705		-0.257
4.52		-0.706		-0.258
4.54		-0.709		-0.261
4.56		-0.71		-0.262
4.58		-0.712		-0.264
4.6		-0.713		-0.265
4.62		-0.715		-0.267
4.64		-0.717		-0.269
4.66		-0.719		-0.271
4.68		-0.72		-0.272
4.7		-0.722		-0.274
4.72		-0.724		-0.276
4.74		-0.725		-0.277
4.76		-0.728		-0.28
4.78		-0.729		-0.281
4.8		-0.731		-0.283
4.82		-0.732		-0.284
4.84		-0.734		-0.286
4.86		-0.735		-0.287
4.88		-0.738		-0.29
4.9		-0.739		-0.291
4.92		-0.741		-0.293
4.94		-0.743		-0.295
4.96		-0.744		-0.296
4.98		-0.747		-0.299
